有33一個
0:5 | 11:0 | 14:0 | 19:0 | 25:2 | 30:6 | 33:1 | 37:0 | 46:0 | 48:10 | 56:0 | 57:1 | 60:0 | 67:5 | 83:0 | 94:0 | 100:45 |
0 0 0 0 0 25 25 30 30 30 30 30 30 33 48 48 48 48 48 48 48 48 48 48 57 67 67 67 67 67 100 100 100 100 100 100 100 100 100 100 100 100 100 100 100 100 100 100 100 100 100 100 100 100 100 100 100 100 100 100 100 100 100 100 100 100 100 100 100 100 100 100 100 100 100
33.510117
===================
0:5 | 11:1 | 14:0 | 19:0 | 25:2 | 30:3 | 33:1 | 37:0 | 46:0 | 48:12 | 56:0 | 57:3 | 60:0 | 67:3 | 83:0 | 94:0 | 100:45 |
0 0 0 0 0 11 25 25 30 30 30 33 48 48 48 48 48 48 48 48 48 48 48 48 57 57 57 67 67 67 100 100 100 100 100 100 100 100 100 100 100 100 100 100 100 100 100 100 100 100 100 100 100 100 100 100 100 100 100 100 100 100 100 100 100 100 100 100 100 100 100 100 100 100 100
33.510052
===================
0:6 | 11:1 | 14:0 | 19:0 | 25:0 | 30:3 | 33:1 | 37:0 | 46:0 | 48:11 | 56:0 | 57:3 | 60:0 | 67:5 | 83:0 | 94:0 | 100:45 |
0 0 0 0 0 0 11 30 30 30 33 48 48 48 48 48 48 48 48 48 48 48 57 57 57 67 67 67 67 67 100 100 100 100 100 100 100 100 100 100 100 100 100 100 100 100 100 100 100 100 100 100 100 100 100 100 100 100 100 100 100 100 100 100 100 100 100 100 100 100 100 100 100 100 100
33.510052


有37一個
0:5 | 11:0 | 14:0 | 19:0 | 25:4 | 30:3 | 33:0 | 37:1 | 46:0 | 48:12 | 56:0 | 57:1 | 60:0 | 67:4 | 83:0 | 94:0 | 100:45 |
0 0 0 0 0 25 25 25 25 30 30 30 37 48 48 48 48 48 48 48 48 48 48 48 48 57 67 67 67 67 100 100 100 100 100 100 100 100 100 100 100 100 100 100 100 100 100 100 100 100 100 100 100 100 100 100 100 100 100 100 100 100 100 100 100 100 100 100 100 100 100 100 100 100 100
33.510160


有46一個
0:5 | 11:0 | 14:0 | 19:0 | 25:2 | 30:6 | 33:0 | 37:0 | 46:1 | 48:11 | 56:0 | 57:2 | 60:0 | 67:3 | 83:0 | 94:0 | 100:45 |
0 0 0 0 0 25 25 30 30 30 30 30 30 46 48 48 48 48 48 48 48 48 48 48 48 57 57 67 67 67 100 100 100 100 100 100 100 100 100 100 100 100 100 100 100 100 100 100 100 100 100 100 100 100 100 100 100 100 100 100 100 100 100 100 100 100 100 100 100 100 100 100 100 100 100
33.510692
===================
0:5 | 11:2 | 14:0 | 19:0 | 25:1 | 30:3 | 33:0 | 37:0 | 46:1 | 48:11 | 56:0 | 57:3 | 60:0 | 67:4 | 83:0 | 94:0 | 100:45 |
0 0 0 0 0 11 11 25 30 30 30 46 48 48 48 48 48 48 48 48 48 48 48 57 57 57 67 67 67 67 100 100 100 100 100 100 100 100 100 100 100 100 100 100 100 100 100 100 100 100 100 100 100 100 100 100 100 100 100 100 100 100 100 100 100 100 100 100 100 100 100 100 100 100 100
33.510117
===================
0:6 | 11:0 | 14:0 | 19:0 | 25:5 | 30:0 | 33:0 | 37:0 | 46:1 | 48:9 | 56:0 | 57:3 | 60:0 | 67:6 | 83:0 | 94:0 | 100:45 |
0 0 0 0 0 0 25 25 25 25 25 46 48 48 48 48 48 48 48 48 48 57 57 57 67 67 67 67 67 67 100 100 100 100 100 100 100 100 100 100 100 100 100 100 100 100 100 100 100 100 100 100 100 100 100 100 100 100 100 100 100 100 100 100 100 100 100 100 100 100 100 100 100 100 100
33.510450


有56一個
0:5 | 11:0 | 14:0 | 19:0 | 25:3 | 30:5 | 33:0 | 37:0 | 46:0 | 48:11 | 56:1 | 57:0 | 60:0 | 67:3 | 83:0 | 94:2 | 100:45 |
0 0 0 0 0 25 25 25 30 30 30 30 30 48 48 48 48 48 48 48 48 48 48 48 56 67 67 67 94 94 100 100 100 100 100 100 100 100 100 100 100 100 100 100 100 100 100 100 100 100 100 100 100 100 100 100 100 100 100 100 100 100 100 100 100 100 100 100 100 100 100 100 100 100 100
33.510375
===================
0:5 | 11:1 | 14:0 | 19:0 | 25:6 | 30:1 | 33:0 | 37:0 | 46:0 | 48:6 | 56:1 | 57:0 | 60:0 | 67:8 | 83:0 | 94:2 | 100:45 |
0 0 0 0 0 11 25 25 25 25 25 25 30 48 48 48 48 48 48 56 67 67 67 67 67 67 67 67 94 94 100 100 100 100 100 100 100 100 100 100 100 100 100 100 100 100 100 100 100 100 100 100 100 100 100 100 100 100 100 100 100 100 100 100 100 100 100 100 100 100 100 100 100 100 100
33.510907


有60一個
0:5 | 11:0 | 14:0 | 19:0 | 25:1 | 30:6 | 33:0 | 37:0 | 46:0 | 48:16 | 56:0 | 57:1 | 60:1 | 67:0 | 83:0 | 94:0 | 100:45 |
0 0 0 0 0 25 30 30 30 30 30 30 48 48 48 48 48 48 48 48 48 48 48 48 48 48 48 48 57 60 100 100 100 100 100 100 100 100 100 100 100 100 100 100 100 100 100 100 100 100 100 100 100 100 100 100 100 100 100 100 100 100 100 100 100 100 100 100 100 100 100 100 100 100 100
33.510117
===================
0:5 | 11:0 | 14:0 | 19:0 | 25:6 | 30:1 | 33:0 | 37:0 | 46:0 | 48:12 | 56:0 | 57:1 | 60:1 | 67:3 | 83:0 | 94:1 | 100:45 |
0 0 0 0 0 25 25 25 25 25 25 30 48 48 48 48 48 48 48 48 48 48 48 48 57 60 67 67 67 94 100 100 100 100 100 100 100 100 100 100 100 100 100 100 100 100 100 100 100 100 100 100 100 100 100 100 100 100 100 100 100 100 100 100 100 100 100 100 100 100 100 100 100 100 100
33.510859
===================
0:5 | 11:2 | 14:0 | 19:0 | 25:1 | 30:4 | 33:0 | 37:0 | 46:0 | 48:9 | 56:0 | 57:3 | 60:1 | 67:5 | 83:0 | 94:0 | 100:45 |
0 0 0 0 0 11 11 25 30 30 30 30 48 48 48 48 48 48 48 48 48 57 57 57 60 67 67 67 67 67 100 100 100 100 100 100 100 100 100 100 100 100 100 100 100 100 100 100 100 100 100 100 100 100 100 100 100 100 100 100 100 100 100 100 100 100 100 100 100 100 100 100 100 100 100
33.510520
===================
0:5 | 11:2 | 14:0 | 19:0 | 25:3 | 30:2 | 33:0 | 37:0 | 46:0 | 48:8 | 56:0 | 57:2 | 60:1 | 67:7 | 83:0 | 94:0 | 100:45 |
0 0 0 0 0 11 11 25 25 25 30 30 48 48 48 48 48 48 48 48 57 57 60 67 67 67 67 67 67 67 100 100 100 100 100 100 100 100 100 100 100 100 100 100 100 100 100 100 100 100 100 100 100 100 100 100 100 100 100 100 100 100 100 100 100 100 100 100 100 100 100 100 100 100 100
33.510504


有83一個
0:5 | 11:2 | 14:0 | 19:0 | 25:4 | 30:1 | 33:0 | 37:0 | 46:0 | 48:8 | 56:0 | 57:1 | 60:0 | 67:8 | 83:1 | 94:0 | 100:45 |
0 0 0 0 0 11 11 25 25 25 25 30 48 48 48 48 48 48 48 48 57 67 67 67 67 67 67 67 67 83 100 100 100 100 100 100 100 100 100 100 100 100 100 100 100 100 100 100 100 100 100 100 100 100 100 100 100 100 100 100 100 100 100 100 100 100 100 100 100 100 100 100 100 100 100
33.510402
===================
0:6 | 11:1 | 14:0 | 19:0 | 25:4 | 30:0 | 33:0 | 37:0 | 46:0 | 48:8 | 56:0 | 57:2 | 60:0 | 67:7 | 83:1 | 94:1 | 100:45 |
0 0 0 0 0 0 11 25 25 25 25 48 48 48 48 48 48 48 48 57 57 67 67 67 67 67 67 67 83 94 100 100 100 100 100 100 100 100 100 100 100 100 100 100 100 100 100 100 100 100 100 100 100 100 100 100 100 100 100 100 100 100 100 100 100 100 100 100 100 100 100 100 100 100 100
33.510520